data
-0.9671
6.971
15.91
6.832
14.37
15.82
5.252
-0.233
4.826
-0.04473
15.6
-2.813
6.842
3.775
6.164
17.22
14.93
5.242
5.987
14.08
18.22
5.339
4.211
-1.885
17.86
14.28
-1.209
17.62
7.332
-2.314
-0.233
13.39
15.21
15.94
19.24
17.66
15.95
11.74
4.049
-1.877
14.18
14.79
-0.8633
13.6
14.53
5.499
-0.1139
-0.9602
-0.04591
-1.313
16.07
15.43
6.723
12.4
4.903
15.25
5.07
15.82
-1.007
14.29
14.85
15.25
5.963
4.627
6.218
-1.673
15.09
7.784
16.17
3.121
13.01
4.564
14.54
5.759
-1.009
6.845
2.451
6.471
15.66
5.223
-2.173
-3.161
7.396
14.06
6.133
5.601
-0.413
16.28
13.4
5.855
15.96
5.817
-2.105
16.23
7.534
16.19
16.24
8.616
-1.585
14.53
5.79
6.335
7.296
16.89
5.273
3.853
16.35
14.1
16.39
6.869
-2.967
-1.427
4.565
6.034
17.54
-2.427
14.41
-1.376
14.15
17.97
16.54
-1.669
13.31
16.49
14.01
12.27
11.95
16.99
5.775
4.823
4.305
-2.672
15.05
-1.015
15.87
14.19
-0.7592
13.29
16.29
-0.748
17.11
6.091
14.68
0.3463
7.229
11.35
-0.829
-0.588
-0.9896
14.79
-1.108
16.76
4.076
7.411
7.326
7.567
13.8
5.447
5.536
-0.5553
-0.5226
7.367
6.251
18.41
8.848
-0.2977
17.13
-2.143
6.02
14.73
13.47
-1.206
15.8
15.33
2.997
5.993
6.739
15.55
-0.1088
15.59
6.433
17.15
7.113
-1.018
2.472
-1.021
14.24
17.04
16.94
-0.6574
-2.208
15.61
6.741
-0.9816
14.92
7.202
-0.5347
8.471
15.2
13.95
-1.882
15.42
17.52
-0.7871
6.256
14.84
14.17
1.696
-0.4424
14.32
15.18
17.7
14.1
14.94
0.06601
14.33
14.47
-1.866
15.54
-0.1663
15.99
15.74
-0.4957
17.35
15.17
7.708
13.08
14.94
14.35
4.759
4.679
16.48
14.21
13.3
-0.9201
-2.181
15
-2.281
16
-2.654
5.93
6.629
14.33
13.98
5.024
9.115
13.68
12.66
14.62
6.492
16.68
15.81
7.364
-1.096
7.6
16.47
-1.253
0.7497
6.833
7.696
3.305
15.59
14.39
6.836
-1.429
3.557
3.209
8.829
5.311
16.69
16.46
15.82
4.376
16.33
14.57
7.558
6.846
-3.521
4.267
15.1
14.03
-1.095
6.257
16.19
15.12
15.2
14.18
3.412
5.151
5.866
7.115
15.44
16.7
14.85
7.18
15.81
2.835
15.15
5.064
17.48
5.512
4.282
14.8
4.648
16.45
15.19
14.84
7.782
15.76
6.743
-1.608
15.6
-0.8355
14.65
8.093
16.37
-1.087
7.131
15.44
16.4
8.083
3.675
-1.388
1.315
6.953
3.706
4.184
2.659
15.17
14.81
3.736
15.1
-0.8382
14.13
17.17
-0.5604
-1.877
16.82
6.262
-0.8648
7.002
4.982
-1.031
16.75
15.4
-0.4238
7.546
4.658
-0.9266
16.31
-1.42
16.33
-0.3737
15.83
17.89
6.281
7.778
5.727
14.09
0.448
13.58
-0.5691
16.64
5.578
6.604
0.6108
-0.01522
3.716
5.565
0.6143
14.85
7.111
6.626
-0.1949
6.86
18.37
17.45
-1.168
14.94
5.515
15.2
13.1
4.51
-0.3877
14.7
-0.4877
14.23
16.17
6.652
-1.129
13.89
-1.786
5.025
13.88
4.931
14.07
5.782
4.455
-1.5
-2.06
17.05
4.391
17.01
0.809
15.13
4.646
11.86
17.12
14.74
16.68
6.903
16.64
15.71
14.96
17.95
14.19
15.39
6.571
-1.383
17.34
16.66
15.1
15.64
15.75
3.669
14.94
15.47
5.247
-1.763
13.05
-0.8772
6.622
12.51
5.471
5.633
-0.9595
4.296
7.186
12.91
13.05
8.171
14.43
3.242
-1.907
13.33
6.054
-1.911
6.401
4.363
14.58